iteration 1

2.517711
8.780896
4.930135
85.435838
71.825961
346.923719
320.108186
305.251626
114.283593
257.824857
349.719390
955.410385
1819.338160
1782.007002
6561.455421
14652.590137
iteration 2

2.483419
8.753017
4.947383
85.955458
71.971454

320.880412
304.962946
100.696751
203.584026
350.041259
957.033952
1823.993652
1785.575129
6582.693718
14748.598300
iteration 3

2.510958
8.811748
4.986525
86.047661
71.977870

321.361124
304.832498
100.702279
203.539487
350.121369
956.369039
1824.331017
1782.722092
6573.073937
14657.655554
iteration 4

2.477490
8.758589
4.945664
85.962471
71.870974
346.545381
321.702582
305.478654
100.708166
203.602285
350.276035
956.838891
1822.898956
1784.495792
6585.770125
iteration 1

2.514741
8.704378
4.943546
85.801214
71.842371

320.761908
304.252373
100.948074
202.834215
348.692775
956.294097
1818.153635
1783.839222
6586.016098
iteration 2

2.492894
8.812770
4.984451
85.844480
71.860517

321.205185
305.307441
100.724978
203.739100
350.110066
957.099965
1822.697722
1784.373098
6595.046071
iteration 3

2.491361
8.813102
4.980527
86.013206
71.849396
347.739175
321.531908
305.470950
100.925048
203.863228
350.502533
957.362916
1822.842757
1785.214628
6579.728612
iteration 4

2.500834
8.814447
4.988827
86.016091
71.815407

321.165591
305.435841
100.947428
203.918123
350.677281
956.332548
1824.292096
1785.290265
6560.724730
iteration 5

2.492754
8.751110
4.951812
85.783279
71.767773
346.576125
320.322447
304.716749
100.939325
202.933917
349.436720
953.879626
1817.893407
1777.718275
6558.260310
iteration 6

2.496348
8.755168
4.951545
85.675071
71.558134

319.959179
304.699530
100.240861
202.513617
348.850825
955.986427
1831.893035
1776.204587
6566.771735
iteration 7

2.482739
8.779739
4.956907
85.546692
71.587324

319.907037
304.401819
100.178064
202.848503
348.705875
954.809467
1818.335265
1783.676368
6589.336987
iteration 8

2.484264
8.774230
4.955445
85.637043
71.518778
346.600102
319.939824
304.338959
100.236036
202.544137
348.628833
953.851251
1818.987549
1780.672533
6574.138539


iteration 1

2.533742
8.752624
0.060083
