iteration 1

0.000019
0.000045
0.000171
0.000130
0.009508
0.358101
1.013168
1.359764
0.230903
8.871117
iteration 2

0.000020
0.000046
0.000173
0.000131
0.009549
0.357111
1.009468
1.365909
0.227804
8.849761
iteration 3

0.000019
0.000043
0.000174
0.000131
0.009498
0.356543
1.007589
1.356581
0.225206
8.859293
iteration 4

0.000020
0.000043
0.000170
0.000136
0.009551
0.361994
1.007439
1.358695
0.223480
8.872592
iteration 5

0.000020
0.000046
0.000174
0.000135
0.009520
0.356286
1.007701
1.360099
0.223188
8.887023
iteration 6

0.000019
0.000046
0.000172
0.000132
0.009500
0.358487
1.008816
1.373654
0.226612
8.872769
iteration 7

0.000019
0.000044
0.000174
0.000131
0.009482
0.362852
1.007038
1.362600
0.224822
8.889810
iteration 8

0.000038
0.000044
0.000172
0.000131
0.009518
0.358597
1.007333
1.363103
0.225580
8.889949
iteration 9

0.000019
0.000045
0.000168
0.000136
0.009585
0.357115
1.007638
1.354451
0.224999
8.884470
iteration 10

0.000019
0.000044
0.000173
0.000132
0.009554
0.358766
1.006522
1.362985
0.225721
8.868681
iteration 11

0.000020
0.000045
0.000173
0.000137
0.009520
0.356504
1.006713
1.356063
0.223632
8.884769
iteration 12

0.000020
0.000044
0.000172
0.000132
0.009393
0.356641
1.015995
1.362564
0.223548
8.840017


0.698468
0.702260
0.693139
0.697147
0.689930
0.679038
0.696572
0.682550
0.690365
0.684660
0.681132
8.293969
18.331663
492.096874
221.056988
860.188990
8.777624
0.704038
0.696967
19.080524
234.431916
221.969674
0.000131
0.696489
0.694319
0.699841
8.263417
8.240515
18.328665
221.998066
175.783106
